000023
000050
000429
000504
000636
000661
000802
000823
000862
000893
002040
002103
002156
002170
002180
002185
002191
002240
002327
002341
002352
002376
002387
002389
002543
002579
002597
002618
002640
002643
002684
002711
002792
002793
002833
002870
002925
300018
300077
300080
300096
300097
300250
300265
300323
300389
300391
300393
300460
300476
300481
300492
300493
300545
300580
300593
300617
300653
300753
600105
600135
600192
600201
600215
600239
600268
600312
600584
600886
600898
601231
603006
603017
603179
603328
603477
603606
603629
603668
603678
603683
603709
603928
603976
