000661
000670
000726
000895
000902
000915
000973
002003
002006
002016
002044
002050
002052
002057
002078
002079
002100
002106
002113
002121
002124
002153
002155
002164
002217
002236
002243
002288
002385
002410
002419
002425
002442
002449
002455
002459
002468
002567
002569
002572
002582
002614
002655
002714
002715
002726
002737
002773
002848
002859
002866
002867
002886
002941
300066
300076
300102
300104
300126
300128
300203
300228
300258
300317
300325
300327
300356
300395
300406
300457
300479
300491
300504
300566
300576
300615
300635
300641
300671
300686
300747
300752
600011
600073
600114
600132
600195
600203
600233
600323
600360
600377
600385
600421
600452
600489
600503
600529
600552
600614
600667
600673
600677
600741
600810
600885
600975
601200
601208
601222
601515
601700
601877
601933
603016
603033
603096
603110
603156
603160
603165
603220
603322
603326
603345
603421
603499
603507
603518
603538
603599
603708
603718
603803
603866
603912
603929
603989
