000017
000020
000026
000030
000400
000411
000419
000430
000501
000502
000513
000516
000519
000521
000533
000543
000544
000546
000551
000557
000567
000570
000581
000582
000584
000600
000601
000611
000617
000619
000632
000635
000637
000638
000650
000657
000669
000676
000681
000683
000691
000698
000702
000710
000712
000713
000719
000721
000737
000738
000739
000767
000768
000790
000791
000797
000809
000811
000822
000833
000858
000888
000905
000927
000952
000963
000965
000967
000978
000985
000990
000993
002004
002007
002014
002020
002025
002026
002029
002033
002034
002048
002051
002053
002057
002058
002067
002068
002085
002087
002088
002094
002097
002099
002103
002111
002126
002127
002130
002132
002138
002150
002159
002168
002173
002176
002177
002182
002196
002201
002202
002206
002223
002225
002227
002233
002246
002249
002250
002251
002256
002264
002265
002270
002275
002276
002278
002282
002286
002287
002297
002300
002302
002309
002311
002318
002326
002332
002337
002341
002342
002346
002349
002358
002370
002376
002384
002386
002389
002395
002397
002398
002407
002412
002415
002422
002424
002431
002435
002440
002441
002455
002456
002457
002459
002463
002468
002469
002470
002471
002472
002475
002485
002486
002490
002494
002497
002498
002506
002510
002516
002520
002521
002523
002529
002532
002534
002535
002538
002539
002540
002545
002549
002554
002557
002561
002571
002574
002576
002584
002589
002593
002598
002606
002607
002611
002612
002613
002614
002615
002620
002621
002624
002626
002634
002637
002638
002639
002643
002644
002646
002648
002658
002662
002671
002672
002684
002685
002686
002692
002695
002696
002701
002709
002718
002722
002730
002731
002734
002735
002738
002742
002752
002758
002760
002761
002763
002767
002768
002772
002775
002783
002787
002788
002789
002791
002792
002793
002795
002796
002799
002803
002817
002818
002820
002831
002833
002838
002849
002855
002857
002860
002867
002872
002873
002876
002877
002882
002885
002888
002890
002893
002895
002898
002899
002900
002905
002922
002923
002925
002928
002935
002938
300009
300012
300013
300018
300021
300022
300027
300030
300031
300035
300037
300040
300041
300049
300064
300069
300071
300073
300082
300092
300095
300096
300099
300107
300117
300118
300120
300121
300122
300124
300127
300133
300140
300141
300145
300147
300151
300154
300159
300162
300163
300172
300181
300187
300191
300196
300206
300214
300215
300219
300232
300237
300239
300243
300246
300248
300252
300258
300261
300263
300265
300274
300283
300285
300289
300294
300317
300319
300321
300325
300341
300344
300349
300350
300357
300380
300387
300389
300392
300394
300401
300407
300408
300412
300413
300418
300425
300427
300428
300429
300434
300435
300439
300445
300459
300463
300470
300475
300477
300482
300484
300487
300489
300490
300497
300499
300500
300503
300517
300521
300522
300525
300527
300529
300535
300536
300540
300543
300549
300553
300554
300559
300561
300562
300568
300569
300570
300579
300580
300581
300585
300599
300601
300602
300606
300611
300617
300619
300622
300629
300636
300639
300641
300642
300643
300648
300651
300652
300663
300664
300665
300668
300669
300670
300673
300681
300683
300684
300693
300697
300698
300699
300700
300703
300707
300711
300712
300716
300718
300721
300725
300727
300733
300751
300760
600004
600008
600017
600026
600050
600051
600054
600055
600063
600078
600082
600089
600101
600112
600114
600118
600125
600129
600133
600143
600158
600159
600160
600161
600163
600167
600173
600178
600183
600190
600192
600195
600197
600199
600210
600220
600227
600230
600232
600233
600241
600248
600268
600277
600279
600281
600283
600290
600292
600299
600300
600306
600312
600313
600317
600319
600327
600329
600330
600336
600352
600365
600367
600368
600371
600372
600378
600390
600405
600406
600419
600420
600428
600433
600438
600452
600461
600463
600467
600470
600475
600478
600479
600483
600486
600487
600488
600496
600498
600500
600505
600506
600511
600521
600522
600525
600527
600540
600543
600545
600551
600557
600559
600560
600577
600579
600582
600598
600603
600618
600619
600624
600628
600630
600639
600644
600647
600650
600653
600657
600658
600662
600665
600668
600671
600676
600694
600696
600697
600698
600699
600702
600714
600715
600717
600722
600731
600737
600739
600757
600763
600764
600765
600769
600771
600773
600785
600791
600795
600796
600798
600805
600809
600811
600812
600820
600823
600827
600838
600846
600847
600860
600865
600867
600869
600874
600875
600884
600885
600893
600894
600895
600898
600969
600973
600976
600981
600982
600983
600995
600998
601000
601007
601012
601018
601113
601126
601179
601188
601200
601216
601222
601226
601233
601369
601567
601607
601619
601666
601678
601727
601858
601877
601880
601918
601919
601928
601991
601996
603009
603016
603020
603021
603025
603029
603039
603041
603045
603050
603056
603058
603059
603060
603069
603089
603103
603105
603113
603118
603123
603129
603161
603168
603177
603179
603181
603186
603196
603199
603218
603223
603228
603229
603268
603269
603277
603305
603313
603328
603329
603330
603331
603333
603335
603348
603356
603357
603359
603366
603367
603377
603388
603396
603444
603486
603488
603508
603518
603527
603536
603555
603568
603569
603577
603579
603583
603585
603590
603601
603605
603615
603618
603628
603637
603666
603667
603678
603698
603701
603716
603717
603721
603758
603776
603800
603806
603811
603813
603816
603819
603826
603843
603855
603858
603859
603861
603866
603880
603882
603899
603901
603906
603912
603917
603922
603928
603938
603939
603958
603966
603978
