000004
000008
000027
000035
000036
000039
000055
000068
000099
000410
000423
000547
000566
000592
000597
000609
000623
000631
000672
000709
000735
000778
000800
000837
000856
000880
000885
000895
000899
000910
000913
000918
000931
000966
000975
000976
002003
002010
002013
002027
002039
002040
002054
002081
002107
002123
002163
002179
002205
002258
002267
002272
002290
002306
002310
002348
002353
002417
002419
002451
002461
002473
002493
002556
002558
002592
002608
002705
002739
002779
002786
002830
002832
002837
002845
002846
002897
002930
300019
300070
300091
300094
300146
300164
300169
300226
300251
300298
300374
300384
300388
300420
300422
300457
300492
300589
300630
300635
300649
300653
300692
300702
300724
300750
300752
600021
600038
600068
600090
600098
600105
600162
600196
600235
600238
600250
600279
600303
600315
600320
600326
600332
600333
600350
600361
600376
600389
600409
600429
600449
600466
600507
600509
600528
600533
600563
600570
600637
600642
600674
600677
600688
600689
600741
600753
600760
600768
600781
600783
600815
600833
600835
600855
600862
600886
600891
600965
600967
600970
600985
600993
601002
601019
601098
601101
601107
601117
601158
601566
601606
601952
601966
603012
603026
603033
603099
603233
603306
603393
603500
603558
603595
603659
603709
603712
603713
603725
603768
603808
603888
603903
603976
